0.0942601
0.0942601
0.0958905
0.0954552
0.0953678
0.0953678
0.0965684
0.0964649
0.0959834
0.0953304
0.0975583
0.0975583
0.0976824
0.097542
0.0982716
0.0982716
0.0981916
0.0960846
0.0948562
0.0956079
0.0971316
0.0971316
0.1005
0.100862
0.0985344
0.0985344
0.0993376
0.0988474
0.100242
0.0997245
0.0999646
0.0999646
0.099318
0.0987857
0.0986016
0.0986016
0.0979439
0.0989611
0.0993952
0.0996129
0.0996781
0.0996781
0.100307
0.100494
0.100943
0.100943
0.100283
0.100911
0.101209
0.101105
0.103578
0.103578
0.102885
0.105518
0.110899
0.110899
0.111225
0.109791
0.10605
0.104401
0.101925
0.101925
0.102792
0.101379
0.101114
0.101114
0.102085
0.100706
0.100799
0.101809
0.10005
0.10005
0.0994047
0.0987384
0.0990127
0.0990127
0.0993506
0.0986085
0.0988107
0.0988289
0.0999645
0.0999645
0.0988574
0.100087
0.0985304
0.0985304
