0.0262405
0.0262405
0.0307119
0.0346888
0.0307604
0.0307604
0.0312196
0.0312495
0.0295153
0.0304433
0.0315799
0.0315799
0.0334939
0.034764
0.0361169
0.0361169
0.0376795
0.0380544
0.0401303
0.0401226
0.0444257
0.0444257
0.0437823
0.043639
0.0412665
0.0412665
0.0406155
0.0440496
0.0432187
0.0437611
0.0470503
0.0470503
0.0482961
0.047652
0.0488251
0.0488251
0.0468497
0.0479308
0.0504187
0.0529055
0.0532811
0.0532811
0.0572791
0.0612576
0.0641806
0.0641806
0.0651048
0.066228
0.0688661
0.0681795
0.0741084
0.0741084
0.0748091
0.0776692
0.0870218
0.0870218
0.0932563
0.0969884
0.099772
0.102327
0.107083
0.107083
0.111715
0.112219
0.113947
0.113947
0.113664
0.113057
0.110878
0.10881
0.103886
0.103886
0.100456
0.0983451
0.0882464
0.0882464
0.0853643
0.0817157
0.0788916
0.0753276
0.0719312
0.0719312
0.0698624
0.064736
0.0638727
0.0638727
