0.069902
0.069902
0.0708258
0.0710653
0.0702047
0.0702047
0.0709326
0.0705423
0.0707192
0.0717672
0.0734608
0.0734608
0.0782824
0.078178
0.0847153
0.0847153
0.0846284
0.0873057
0.0861231
0.0859548
0.0868935
0.0868935
0.0900404
0.0904766
0.0956527
0.0956527
0.0978515
0.0993878
0.100242
0.101092
0.100884
0.100884
0.101904
0.102583
0.103323
0.103323
0.10386
0.103897
0.104638
0.104761
0.105152
0.105152
0.105141
0.104912
0.104922
0.104922
0.104605
0.104212
0.103737
0.103135
0.103832
0.103832
0.103017
0.103292
0.10301
0.10301
0.103228
0.10303
0.103726
0.103413
0.104582
0.104582
0.10525
0.106525
0.108976
0.108976
0.109984
0.11196
0.113238
0.113259
0.111869
0.111869
0.10996
0.108924
0.106138
0.106138
0.105965
0.104798
0.104058
0.104236
0.102974
0.102974
0.103105
0.102606
0.103078
0.103078
