0.0094258
0.0094258
0.0175769
0.0174928
0.00187189
0.00187189
0.00615523
0.00177398
0.00410849
0.0100548
0.0120931
0.0120931
0.00178874
0.000184185
0.0175835
0.0175835
0.0150829
0.015137
0.0013482
0.00635841
0.0158562
0.0158562
0.0118126
0.011405
0.000503646
0.000503646
0.00266049
0.0101015
0.00771896
0.00801072
0.00162678
0.00162678
4.40412e-005
0.00314678
0.0031911
0.0031911
0.00708072
0.00825304
0.00596547
0.00565168
0.0048343
0.0048343
0.00182384
0.00167442
0.00270535
0.00270535
0.000864479
0.00188337
0.00162847
0.00174249
0.0017345
0.0017345
0.00284798
0.00233079
0.00145041
0.00145041
0.000511807
0.00288195
0.00721174
0.0079766
0.0143935
0.0143935
0.0156104
0.0178315
0.0214825
0.0214825
0.0235073
0.0289007
0.0320691
0.0325659
0.0287078
0.0287078
0.0238039
0.0210953
0.016104
0.016104
0.0160371
0.0133595
0.00973248
0.00975888
0.00379117
0.00379117
0.000238531
0.00119432
0.000807822
0.000807822
