0.0774242
0.0774242
0.0775531
0.0787902
0.0799973
0.0799973
0.0789995
0.0796282
0.0765921
0.0754383
0.0799954
0.0799954
0.0833822
0.0828367
0.0842075
0.0842075
0.0843344
0.0814727
0.0817073
0.078488
0.0794733
0.0794733
0.0786759
0.0767044
0.0785993
0.0785993
0.0796668
0.0816809
0.0782185
0.0801463
0.0752531
0.0752531
0.0755766
0.0768574
0.0745294
0.0745294
0.0761647
0.0773408
0.0803052
0.0808196
0.0812148
0.0812148
0.0779143
0.0802626
0.0781845
0.0781845
0.0785613
0.0796232
0.0816905
0.0808196
0.0811742
0.0811742
0.0796745
0.0799467
0.0825266
0.0825266
0.0808563
0.0838004
0.0840649
0.0863802
0.0875863
0.0875863
0.0917888
0.0944307
0.0977419
0.0977419
0.0988977
0.101426
0.101759
0.10395
0.106781
0.106781
0.109352
0.109594
0.110264
0.110264
0.110746
0.111398
0.110361
0.109669
0.108092
0.108092
0.107641
0.107231
0.103942
0.103942
