0.0890203
0.0890203
0.0907423
0.0893918
0.084662
0.084662
0.0849469
0.0874991
0.0867538
0.0837881
0.082187
0.082187
0.0847512
0.0839975
0.0886916
0.0886916
0.0905143
0.0890296
0.0892554
0.0891078
0.0889077
0.0889077
0.0908519
0.0912307
0.0914929
0.0914929
0.091323
0.091321
0.091648
0.0908303
0.0947316
0.0947316
0.0942888
0.0930923
0.091615
0.091615
0.0901249
0.0933975
0.0914367
0.0916276
0.0938267
0.0938267
0.0953797
0.0955859
0.0950512
0.0950512
0.0936455
0.0931387
0.094649
0.095357
0.100916
0.100916
0.103101
0.10524
0.109062
0.109062
0.109345
0.107667
0.103536
0.102123
0.0979825
0.0979825
0.0973431
0.0963346
0.0949669
0.0949669
0.0973578
0.0963396
0.0950308
0.0972105
0.094531
0.094531
0.0915414
0.0911848
0.093166
0.093166
0.0942888
0.0914057
0.0923426
0.0932542
0.0911462
0.0911462
0.0895258
0.0911708
0.0927146
0.0927146
