0.0158783
0.0158783
0.0226292
0.0215642
0.0258471
0.0258471
0.0263849
0.0170002
0.0136342
0.0129714
0.0129353
0.0129353
0.011307
0.0132016
0.0186293
0.0186293
0.0205293
0.0220772
0.0139324
0.0168645
0.0151698
0.0151698
0.0142458
0.0150796
0.00854481
0.00854481
0.00719098
0.0103323
0.0108049
0.0126409
0.00817994
0.00817994
0.00718386
0.00813473
0.00919274
0.00919274
0.0120245
0.009885
0.0105106
0.00837605
0.00951577
0.00951577
0.00819249
0.0077379
0.0057759
0.0057759
0.00627181
0.00709011
0.0105677
0.0118591
0.0106388
0.0106388
0.0148105
0.01336
0.0154155
0.0154155
0.0158843
0.0161768
0.0155875
0.0163572
0.015194
0.015194
0.0175046
0.0182725
0.0277406
0.0277406
0.0322113
0.041115
0.0463577
0.0470238
0.0407807
0.0407807
0.0310358
0.0279839
0.0180966
0.0180966
0.0173713
0.0151894
0.0151003
0.0144708
0.0154157
0.0154157
0.0132137
0.0158759
0.0141006
0.0141006
