0.00220233
0.00220233
0.0020261
0.00422523
0.00705322
0.00705322
0.00634968
0.00385691
0.0101203
0.0103598
0.00564036
0.00564036
0.00128235
0.00334252
0.00287894
0.00287894
0.00424771
0.00305695
0.000891573
0.003977
9.76953e-005
9.76953e-005
0.00419283
0.00568864
0.0052904
0.0052904
0.00990634
0.00973165
0.00671284
0.0090833
0.00251598
0.00251598
0.00656087
0.00743352
0.00724931
0.00724931
0.00527839
0.000613391
0.00561057
0.00464853
0.00439935
0.00439935
0.00172933
0.000245081
8.02279e-005
8.02279e-005
0.000828962
0.00116147
0.00233483
0.00244009
0.00254022
0.00254022
0.00328586
0.00608902
0.00377266
0.00377266
0.005428
0.00253258
0.0020212
0.0042473
0.00499143
0.00499143
0.014411
0.0119132
0.0136503
0.0136503
0.0160808
0.0112766
0.0121112
0.00924006
0.00707349
0.00707349
0.0080895
0.0058687
0.012004
0.012004
0.00895128
0.00501013
0.00712451
0.00988368
0.0116731
0.0116731
0.00705372
0.00825851
0.00792709
0.00792709
