0.0279718
0.0279718
0.0275868
0.0323095
0.0247023
0.0247023
0.0214634
0.0146287
0.0173869
0.00894733
0.00468999
0.00468999
0.0151394
0.0107787
0.0262813
0.0262813
0.0246725
0.0273947
0.0132679
0.00655959
0.00143491
0.00143491
0.000953949
0.00143887
0.00237942
0.00237942
0.0035403
0.0027818
0.00514676
0.00887187
0.000324408
0.000324408
0.00239174
2.76367e-005
0.00224833
0.00224833
0.00553585
0.00622832
0.00246707
0.0038871
0.0120991
0.0120991
0.00888476
0.00494319
0.007679
0.007679
0.0129384
0.0103316
0.0147217
0.0169046
0.00769267
0.00769267
0.019052
0.0177765
0.0287664
0.0287664
0.0315555
0.0318985
0.0315371
0.0292931
0.0259773
0.0259773
0.0243387
0.0254005
0.0269816
0.0269816
0.0261931
0.0236803
0.0254854
0.0283966
0.0304107
0.0304107
0.0317515
0.0348187
0.0272259
0.0272259
0.0220541
0.0139241
0.0122493
0.00686578
0.0117355
0.0117355
0.00500604
0.00621115
0.00366255
0.00366255
