0.0062701
0.0062701
0.0128819
0.0162765
0.0121776
0.0121776
0.0106541
0.00176817
0.0104833
0.0152041
0.0214286
0.0214286
0.0103294
0.00772532
0.00381505
0.00381505
0.0100888
0.0106354
0.01405
0.0163986
0.00839908
0.00839908
0.00370719
0.00256098
0.000912574
0.000912574
0.00377438
0.00630295
0.0100344
0.00469291
0.0109324
0.0109324
0.021475
0.0239476
0.00898525
0.00898525
0.0142128
0.0216832
0.0183799
0.0110592
0.0094103
0.0094103
0.00715219
0.00872813
0.0133029
0.0133029
0.0129669
0.0139219
0.0114479
0.0106136
0.0113503
0.0113503
0.00745342
0.0137032
0.0230161
0.0230161
0.0268882
0.0264385
0.0158194
0.0115249
0.00700048
0.00700048
0.00975038
0.0105009
0.0148779
0.0148779
0.0116085
0.0138347
0.0097628
0.00670964
0.0145874
0.0145874
0.0119278
0.0154677
0.0196072
0.0196072
0.0205286
0.0189669
0.0114531
0.0105909
0.00736773
0.00736773
0.0117466
0.00925314
0.00831799
0.00831799
