0.032059
0.032059
0.0337121
0.0337102
0.0353266
0.0353266
0.0404496
0.0451248
0.0402219
0.041464
0.0392761
0.0392761
0.0387865
0.0406717
0.0349242
0.0349242
0.0327446
0.031266
0.0394738
0.0455344
0.0466513
0.0466513
0.051003
0.0508027
0.0513431
0.0513431
0.0529512
0.0499857
0.0567043
0.0545932
0.0595415
0.0595415
0.0584244
0.0591119
0.0662463
0.0662463
0.0645654
0.0610595
0.0634317
0.0656754
0.0642601
0.0642601
0.0693551
0.0716355
0.0744196
0.0744196
0.0828957
0.0857109
0.0848526
0.085766
0.0875667
0.0875667
0.0922911
0.0918629
0.0979212
0.0979212
0.100095
0.100175
0.101401
0.10069
0.103042
0.103042
0.105482
0.107241
0.11086
0.11086
0.108621
0.10423
0.102353
0.102748
0.100915
0.100915
0.100184
0.10035
0.0964654
0.0964654
0.0920143
0.0882633
0.0885365
0.0838501
0.0810553
0.0810553
0.0803594
0.0795446
0.0689193
0.0689193
