0.00715271
0.00715271
0.00850032
0.0114895
0.0110512
0.0110512
0.0106754
0.00949361
0.0140543
0.0145337
0.00688967
0.00688967
0.0059396
0.00770328
0.00822906
0.00822906
0.00856241
0.00916149
0.00887618
0.00653005
0.00748758
0.00748758
0.00832088
0.00979818
0.0124642
0.0124642
0.0138854
0.0124631
0.0102239
0.0120809
0.00996706
0.00996706
0.00953664
0.00882156
0.0106537
0.0106537
0.00806495
0.00687768
0.00526029
0.00712308
0.00734428
0.00734428
0.00810981
0.0076568
0.00745821
0.00745821
0.00654489
0.00749015
0.00718896
0.00608206
0.00564656
0.00564656
0.00333566
0.00466786
0.00470618
0.00470618
0.00820473
0.00690865
0.00791733
0.00638111
0.00768764
0.00768764
0.00848584
0.0113586
0.012718
0.012718
0.015232
0.0144979
0.0127551
0.0137147
0.0154166
0.0154166
0.0202486
0.0208187
0.0255089
0.0255089
0.0274722
0.0296247
0.0274138
0.0256373
0.0203675
0.0203675
0.0161587
0.0154603
0.0104556
0.0104556
