0.0264184
0.0264184
0.0340627
0.0383963
0.0454383
0.0454383
0.0394064
0.0401891
0.0360186
0.0309476
0.0156803
0.0156803
0.0207646
0.0251581
0.0321319
0.0321319
0.0360233
0.0357826
0.034605
0.037241
0.0356283
0.0356283
0.0359521
0.0308648
0.0353757
0.0353757
0.0387808
0.037814
0.0348696
0.0278968
0.0310788
0.0310788
0.0253961
0.0221318
0.0323369
0.0323369
0.0236553
0.0183942
0.0185657
0.0240184
0.020293
0.020293
0.0288269
0.0280943
0.0287897
0.0287897
0.0370868
0.0324937
0.0276795
0.0312644
0.0272767
0.0272767
0.036402
0.0340189
0.038561
0.038561
0.0415562
0.0363659
0.0338058
0.0318741
0.0320589
0.0320589
0.0345777
0.0349953
0.0355409
0.0355409
0.0340368
0.0315008
0.0296818
0.0285835
0.0314403
0.0314403
0.0361224
0.0376033
0.0371051
0.0371051
0.0312642
0.0296977
0.0334937
0.0269996
0.0290945
0.0290945
0.031686
0.0324385
0.0257339
0.0257339
