0.0911129
0.0911129
0.090859
0.0899487
0.0890132
0.0890132
0.0890373
0.0893034
0.0873529
0.0869745
0.0899358
0.0899358
0.0900267
0.0885249
0.0896224
0.0896224
0.0896807
0.0890029
0.0879396
0.0865185
0.0885072
0.0885072
0.0872296
0.0865081
0.087683
0.087683
0.0876555
0.0879555
0.0866932
0.0879383
0.0855931
0.0855931
0.0854916
0.0859309
0.0854047
0.0854047
0.0864021
0.0861484
0.088731
0.0882443
0.0892996
0.0892996
0.0884259
0.0901037
0.0888367
0.0888367
0.0885135
0.0876492
0.088351
0.087589
0.0875867
0.0875867
0.0858702
0.0867876
0.0878833
0.0878833
0.087277
0.0902629
0.0910079
0.0926597
0.0952352
0.0952352
0.0988447
0.0993791
0.10292
0.10292
0.104136
0.104764
0.1055
0.106262
0.108062
0.108062
0.109592
0.109897
0.111584
0.111584
0.112022
0.112506
0.11203
0.111598
0.110457
0.110457
0.109076
0.108718
0.106569
0.106569
