0.0551708
0.0551708
0.0566253
0.0575476
0.0587916
0.0587916
0.0590872
0.0531289
0.0546216
0.0571018
0.0567053
0.0567053
0.0610567
0.0616011
0.0672561
0.0672561
0.0682064
0.0678479
0.065508
0.0653057
0.0680162
0.0680162
0.0707349
0.0718324
0.0780857
0.0780857
0.0797857
0.0798923
0.0800542
0.0787417
0.0797852
0.0797852
0.0800535
0.0796583
0.0812702
0.0812702
0.0799704
0.081746
0.0821258
0.0832747
0.0853816
0.0853816
0.0867747
0.0886492
0.0899947
0.0899947
0.0908955
0.0917761
0.0934734
0.0931722
0.095775
0.095775
0.0955494
0.0961141
0.0983075
0.0983075
0.0986234
0.101734
0.102622
0.104187
0.106204
0.106204
0.10728
0.107398
0.106448
0.106448
0.106342
0.107717
0.110603
0.11096
0.107613
0.107613
0.107205
0.105946
0.10635
0.10635
0.105566
0.10614
0.104869
0.103401
0.100972
0.100972
0.0994283
0.0998246
0.097264
0.097264
