0.00846425
0.00846425
0.00930903
0.007525
0.00661155
0.00661155
0.00689832
0.00817402
0.00804462
0.00655037
0.0137286
0.0137286
0.0161141
0.0194019
0.018656
0.018656
0.0185022
0.0156411
0.0187642
0.0154047
0.0168587
0.0168587
0.0116496
0.0130927
0.0162094
0.0162094
0.0195296
0.0229119
0.0217622
0.0232935
0.0248499
0.0248499
0.0198328
0.0169814
0.0178731
0.0178731
0.0201969
0.021127
0.020692
0.0224862
0.0202498
0.0202498
0.0193724
0.017306
0.0181482
0.0181482
0.0174601
0.0181121
0.0224547
0.0227779
0.0207478
0.0207478
0.022231
0.0252649
0.0233377
0.0233377
0.0238805
0.0245422
0.0223745
0.0201188
0.0266533
0.0266533
0.0263707
0.0237607
0.0257227
0.0257227
0.0289519
0.0282256
0.0317473
0.0301415
0.0393929
0.0393929
0.0390864
0.0454826
0.0453952
0.0453952
0.0433751
0.0569515
0.0675508
0.0648406
0.051564
0.051564
0.0401703
0.0330311
0.0280578
0.0280578
