0.0373107
0.0373107
0.0364328
0.0381998
0.0377005
0.0377005
0.0360612
0.0366005
0.0377214
0.0378473
0.0395478
0.0395478
0.0402798
0.0408065
0.0418571
0.0418571
0.0434245
0.0436767
0.044804
0.0445519
0.0491137
0.0491137
0.0482149
0.048085
0.048924
0.048924
0.0481987
0.0496601
0.0493358
0.0498908
0.054104
0.054104
0.0549953
0.0556439
0.0567652
0.0567652
0.0561904
0.0572198
0.0585539
0.0597413
0.0630188
0.0630188
0.0650151
0.068376
0.0704333
0.0704333
0.0714546
0.0733008
0.0757271
0.0761441
0.0799334
0.0799334
0.0821213
0.0842015
0.0930236
0.0930236
0.0965073
0.10133
0.104676
0.106474
0.108519
0.108519
0.110018
0.110865
0.113341
0.113341
0.113052
0.112206
0.110812
0.109364
0.105441
0.105441
0.0998983
0.0986402
0.0912643
0.0912643
0.0892473
0.0848916
0.0809126
0.0793498
0.076352
0.076352
0.0745703
0.0720864
0.0699307
0.0699307
