0.0351123
0.0351123
0.036757
0.0377543
0.0388281
0.0388281
0.0408536
0.037504
0.0411437
0.0376841
0.0359963
0.0359963
0.0391326
0.0387671
0.0401942
0.0401942
0.0364275
0.0415462
0.0357597
0.0382348
0.0360235
0.0360235
0.0353257
0.0340528
0.0375681
0.0375681
0.0406283
0.0415842
0.04101
0.0454835
0.0437902
0.0437902
0.0502377
0.0485806
0.0517906
0.0517906
0.0566363
0.0518966
0.0488285
0.0464054
0.0490492
0.0490492
0.0441691
0.0412418
0.0354276
0.0354276
0.0334902
0.0287693
0.0298654
0.0271583
0.0249548
0.0249548
0.0166651
0.0217799
0.0222102
0.0222102
0.0291361
0.0327355
0.0374155
0.0424935
0.052102
0.052102
0.0576299
0.0570699
0.056867
0.056867
0.0555582
0.0537419
0.0496941
0.046723
0.0405271
0.0405271
0.0348973
0.0322408
0.0243396
0.0243396
0.0224868
0.0217008
0.021164
0.0222138
0.023176
0.023176
0.0262747
0.0250285
0.029736
0.029736
