0.0878565
0.0878565
0.0874893
0.0876676
0.0862512
0.0862512
0.0866077
0.0870581
0.0869972
0.0879824
0.0895237
0.0895237
0.0910797
0.0924854
0.0946864
0.0946864
0.095633
0.0934929
0.0918373
0.0898415
0.0886451
0.0886451
0.0914865
0.0908984
0.0903793
0.0903793
0.0916068
0.0943948
0.0920059
0.0916087
0.0894474
0.0894474
0.0886781
0.0894134
0.090944
0.090944
0.0906098
0.08952
0.0916291
0.0917337
0.0898319
0.0898319
0.0893397
0.08809
0.0879098
0.0879098
0.0885492
0.0895267
0.0915428
0.0904093
0.0910467
0.0910467
0.0910497
0.0903697
0.0879961
0.0879961
0.0873674
0.0890743
0.0886093
0.0872898
0.089644
0.089644
0.0897767
0.0892216
0.0891809
0.0891809
0.0908715
0.0909558
0.0915109
0.0925271
0.0960185
0.0960185
0.0945392
0.0964797
0.0933631
0.0933631
0.093615
0.0988522
0.101633
0.100405
0.0949364
0.0949364
0.0903957
0.0875843
0.0847633
0.0847633
