0.00563772
0.00563772
0.00438339
1.49012e-006
0.00401226
0.00401226
0.00679627
0.00520795
0.00080209
0.00361206
0.00208817
0.00208817
0.009907
0.0127237
0.0107303
0.0107303
0.0125052
0.0100785
0.0131189
0.00804905
0.00840552
0.00840552
0.00195047
0.00494399
0.00321573
0.00321573
0.00809389
0.0110457
0.0132681
0.0165142
0.0192432
0.0192432
0.0100958
0.00675301
0.00843094
0.00843094
0.0086927
0.0129168
0.0164053
0.0147131
0.00693806
0.00693806
0.00904106
0.0100872
0.0104792
0.0104792
0.00776423
0.00965273
0.0155899
0.0127819
0.0120312
0.0120312
0.0137959
0.0183202
0.0198785
0.0198785
0.01719
0.0144778
0.011961
0.0131389
0.0161022
0.0161022
0.0162516
0.0162218
0.0203263
0.0203263
0.0221218
0.0231527
0.0262544
0.0236266
0.0330967
0.0330967
0.0236612
0.0295515
0.0332414
0.0332414
0.0273427
0.0313423
0.0427268
0.0418063
0.0395988
0.0395988
0.0311686
0.0282457
0.0205482
0.0205482
