0.00698939
0.00698939
0.0110587
0.00882115
0.00512643
0.00512643
0.011233
0.0133019
0.00883846
0.00701253
0.0143361
0.0143361
0.0103933
0.012075
0.0152472
0.0152472
0.0111372
0.0129615
0.0106059
0.0111065
0.00331351
0.00331351
0.00458631
0.0060343
0.00570418
0.00570418
0.0074772
0.0101539
0.0159386
0.0179783
0.0132378
0.0132378
0.0186809
0.0196967
0.0223741
0.0223741
0.0297302
0.0291029
0.0348559
0.030648
0.0214057
0.0214057
0.0166695
0.00519675
0.00624709
0.00624709
0.00172437
0.00286028
0.00550689
0.00894422
0.00694676
0.00694676
0.0130354
0.00760255
0.0125449
0.0125449
0.0218743
0.0297676
0.0294367
0.0314207
0.0295399
0.0295399
0.0233679
0.0283248
0.0445005
0.0445005
0.0458391
0.0476321
0.0430075
0.0404756
0.035396
0.035396
0.0216373
0.023107
0.0126594
0.0126594
0.0101981
0.00406413
0.00605226
0.005579
0.00114208
0.00114208
0.00324872
0.00457358
0.0004835
0.0004835
