0.100991
0.100991
0.100392
0.100371
0.101026
0.101026
0.101191
0.101907
0.101343
0.101274
0.102803
0.102803
0.103208
0.103722
0.103196
0.103196
0.102641
0.101263
0.10181
0.101649
0.101507
0.101507
0.101818
0.101788
0.102924
0.102924
0.102958
0.104116
0.103929
0.103777
0.10404
0.10404
0.10304
0.102644
0.102225
0.102225
0.103241
0.103642
0.103733
0.103892
0.102817
0.102817
0.101728
0.101415
0.101474
0.101474
0.101413
0.101507
0.102202
0.102384
0.102021
0.102021
0.102674
0.103118
0.102643
0.102643
0.102536
0.102265
0.101715
0.101279
0.102225
0.102225
0.101738
0.101286
0.101402
0.101402
0.101974
0.10172
0.102339
0.102142
0.103481
0.103481
0.103756
0.105275
0.105134
0.105134
0.103379
0.105335
0.105705
0.105437
0.103674
0.103674
0.101223
0.099517
0.097734
0.097734
