0.0560959
0.0560959
0.0538931
0.0524974
0.0530073
0.0530073
0.0535797
0.0546821
0.0528617
0.0539967
0.0536895
0.0536895
0.0488843
0.0507032
0.0464582
0.0464582
0.0443278
0.044563
0.0477185
0.0496928
0.0514742
0.0514742
0.0541119
0.0561774
0.0570977
0.0570977
0.0590435
0.0589011
0.0615935
0.0605683
0.0653898
0.0653898
0.0646865
0.0663704
0.0675168
0.0675168
0.066608
0.068616
0.0694849
0.0716211
0.0715377
0.0715377
0.0741291
0.0759713
0.0815875
0.0815875
0.0838257
0.0863729
0.0893234
0.0905475
0.093278
0.093278
0.0958459
0.0964559
0.0991341
0.0991341
0.0999181
0.10142
0.103488
0.10425
0.107606
0.107606
0.110343
0.111535
0.113191
0.113191
0.112373
0.109296
0.107216
0.106303
0.103115
0.103115
0.101612
0.100398
0.0979501
0.0979501
0.0966845
0.0937788
0.0914251
0.0891039
0.0857955
0.0857955
0.0825235
0.0813302
0.0762605
0.0762605
