0.0235132
0.0235132
0.0267135
0.0291108
0.0179892
0.0179892
0.0181705
0.014932
0.0127557
0.0208207
0.0334915
0.0334915
0.0295463
0.0291246
0.0329769
0.0329769
0.0276315
0.0268831
0.0337114
0.0256952
0.025265
0.025265
0.036853
0.0377465
0.0404832
0.0404832
0.0341491
0.0299354
0.0314493
0.032796
0.0264196
0.0264196
0.0267439
0.0318081
0.0271464
0.0271464
0.0310284
0.0269311
0.0312146
0.0338306
0.0381825
0.0381825
0.0418295
0.0363594
0.0408668
0.0408668
0.040374
0.0398622
0.0412889
0.0406401
0.0512379
0.0512379
0.04601
0.0563706
0.0806496
0.0806496
0.0825904
0.0763177
0.0600978
0.052933
0.0415678
0.0415678
0.045863
0.042139
0.0417671
0.0417671
0.0446858
0.0407493
0.0432941
0.0443159
0.0346177
0.0346177
0.030327
0.0329103
0.0280673
0.0280673
0.0295709
0.0318583
0.0283869
0.0271335
0.0343671
0.0343671
0.0280607
0.0264633
0.0361476
0.0361476
